Triangle: 
4
44
444
4444
44444
444444
4444444
44444444
444444444
4444444444
44444444444
444444444444
4444444444444
44444444444444
444444444444444
4444444444444444
44444444444444444
444444444444444444
4444444444444444444
44444444444444444444
444444444444444444444
4444444444444444444444
44444444444444444444444
444444444444444444444444
4444444444444444444444444
44444444444444444444444444
444444444444444444444444444
4444444444444444444444444444
44444444444444444444444444444
444444444444444444444444444444
4444444444444444444444444444444
44444444444444444444444444444444
444444444444444444444444444444444
4444444444444444444444444444444444
44444444444444444444444444444444444
444444444444444444444444444444444444
4444444444444444444444444444444444444
44444444444444444444444444444444444444
444444444444444444444444444444444444444
4444444444444444444444444444444444444444
44444444444444444444444444444444444444444
444444444444444444444444444444444444444444
4444444444444444444444444444444444444444444
44444444444444444444444444444444444444444444
444444444444444444444444444444444444444444444
4444444444444444444444444444444444444444444444
44444444444444444444444444444444444444444444444
444444444444444444444444444444444444444444444444
4444444444444444444444444444444444444444444444444
44444444444444444444444444444444444444444444444444
444444444444444444444444444444444444444444444444444
4444444444444444444444444444444444444444444444444444
Square: 
666666666666666666666666666666666666666666666666666666
666666666666666666666666666666666666666666666666666666
666666666666666666666666666666666666666666666666666666
666666666666666666666666666666666666666666666666666666
666666666666666666666666666666666666666666666666666666
666666666666666666666666666666666666666666666666666666
666666666666666666666666666666666666666666666666666666
666666666666666666666666666666666666666666666666666666
666666666666666666666666666666666666666666666666666666
666666666666666666666666666666666666666666666666666666
666666666666666666666666666666666666666666666666666666
666666666666666666666666666666666666666666666666666666
666666666666666666666666666666666666666666666666666666
666666666666666666666666666666666666666666666666666666
666666666666666666666666666666666666666666666666666666
666666666666666666666666666666666666666666666666666666
666666666666666666666666666666666666666666666666666666
666666666666666666666666666666666666666666666666666666
666666666666666666666666666666666666666666666666666666
666666666666666666666666666666666666666666666666666666
666666666666666666666666666666666666666666666666666666
666666666666666666666666666666666666666666666666666666
666666666666666666666666666666666666666666666666666666
666666666666666666666666666666666666666666666666666666
666666666666666666666666666666666666666666666666666666
666666666666666666666666666666666666666666666666666666
666666666666666666666666666666666666666666666666666666
666666666666666666666666666666666666666666666666666666
666666666666666666666666666666666666666666666666666666
666666666666666666666666666666666666666666666666666666
666666666666666666666666666666666666666666666666666666
666666666666666666666666666666666666666666666666666666
666666666666666666666666666666666666666666666666666666
666666666666666666666666666666666666666666666666666666
666666666666666666666666666666666666666666666666666666
666666666666666666666666666666666666666666666666666666
666666666666666666666666666666666666666666666666666666
666666666666666666666666666666666666666666666666666666
666666666666666666666666666666666666666666666666666666
666666666666666666666666666666666666666666666666666666
666666666666666666666666666666666666666666666666666666
666666666666666666666666666666666666666666666666666666
666666666666666666666666666666666666666666666666666666
666666666666666666666666666666666666666666666666666666
666666666666666666666666666666666666666666666666666666
666666666666666666666666666666666666666666666666666666
666666666666666666666666666666666666666666666666666666
666666666666666666666666666666666666666666666666666666
666666666666666666666666666666666666666666666666666666
666666666666666666666666666666666666666666666666666666
666666666666666666666666666666666666666666666666666666
666666666666666666666666666666666666666666666666666666
666666666666666666666666666666666666666666666666666666
666666666666666666666666666666666666666666666666666666
Triangle: 
5
55
555
5555
55555
555555
5555555
55555555
555555555
5555555555
55555555555
555555555555
5555555555555
55555555555555
555555555555555
5555555555555555
55555555555555555
555555555555555555
5555555555555555555
55555555555555555555
555555555555555555555
5555555555555555555555
55555555555555555555555
555555555555555555555555
5555555555555555555555555
55555555555555555555555555
555555555555555555555555555
5555555555555555555555555555
55555555555555555555555555555
555555555555555555555555555555
5555555555555555555555555555555
55555555555555555555555555555555
555555555555555555555555555555555
5555555555555555555555555555555555
55555555555555555555555555555555555
555555555555555555555555555555555555
5555555555555555555555555555555555555
55555555555555555555555555555555555555
555555555555555555555555555555555555555
5555555555555555555555555555555555555555
55555555555555555555555555555555555555555
555555555555555555555555555555555555555555
5555555555555555555555555555555555555555555
55555555555555555555555555555555555555555555
555555555555555555555555555555555555555555555
5555555555555555555555555555555555555555555555
55555555555555555555555555555555555555555555555
555555555555555555555555555555555555555555555555
5555555555555555555555555555555555555555555555555
55555555555555555555555555555555555555555555555555
555555555555555555555555555555555555555555555555555
5555555555555555555555555555555555555555555555555555
55555555555555555555555555555555555555555555555555555
Rectangle: 
5555555555555555555555555555555555555555555555555555555
5555555555555555555555555555555555555555555555555555555
5555555555555555555555555555555555555555555555555555555
5555555555555555555555555555555555555555555555555555555
5555555555555555555555555555555555555555555555555555555
5555555555555555555555555555555555555555555555555555555
5555555555555555555555555555555555555555555555555555555
5555555555555555555555555555555555555555555555555555555
5555555555555555555555555555555555555555555555555555555
5555555555555555555555555555555555555555555555555555555
5555555555555555555555555555555555555555555555555555555
5555555555555555555555555555555555555555555555555555555
5555555555555555555555555555555555555555555555555555555
5555555555555555555555555555555555555555555555555555555
5555555555555555555555555555555555555555555555555555555
5555555555555555555555555555555555555555555555555555555
5555555555555555555555555555555555555555555555555555555
5555555555555555555555555555555555555555555555555555555
5555555555555555555555555555555555555555555555555555555
5555555555555555555555555555555555555555555555555555555
5555555555555555555555555555555555555555555555555555555
5555555555555555555555555555555555555555555555555555555
5555555555555555555555555555555555555555555555555555555
5555555555555555555555555555555555555555555555555555555
5555555555555555555555555555555555555555555555555555555
5555555555555555555555555555555555555555555555555555555
5555555555555555555555555555555555555555555555555555555
5555555555555555555555555555555555555555555555555555555
5555555555555555555555555555555555555555555555555555555
5555555555555555555555555555555555555555555555555555555
5555555555555555555555555555555555555555555555555555555
5555555555555555555555555555555555555555555555555555555
5555555555555555555555555555555555555555555555555555555
5555555555555555555555555555555555555555555555555555555
5555555555555555555555555555555555555555555555555555555
5555555555555555555555555555555555555555555555555555555
5555555555555555555555555555555555555555555555555555555
5555555555555555555555555555555555555555555555555555555
5555555555555555555555555555555555555555555555555555555
5555555555555555555555555555555555555555555555555555555
5555555555555555555555555555555555555555555555555555555
5555555555555555555555555555555555555555555555555555555
5555555555555555555555555555555555555555555555555555555
5555555555555555555555555555555555555555555555555555555
5555555555555555555555555555555555555555555555555555555
5555555555555555555555555555555555555555555555555555555
5555555555555555555555555555555555555555555555555555555
5555555555555555555555555555555555555555555555555555555
5555555555555555555555555555555555555555555555555555555
5555555555555555555555555555555555555555555555555555555
5555555555555555555555555555555555555555555555555555555
5555555555555555555555555555555555555555555555555555555
5555555555555555555555555555555555555555555555555555555
Diamond: 
                                                       7                                                       
                                                      777                                                      
                                                     77777                                                     
                                                    7777777                                                    
                                                   777777777                                                   
                                                  77777777777                                                  
                                                 7777777777777                                                 
                                                777777777777777                                                
                                               77777777777777777                                               
                                              7777777777777777777                                              
                                             777777777777777777777                                             
                                            77777777777777777777777                                            
                                           7777777777777777777777777                                           
                                          777777777777777777777777777                                          
                                         77777777777777777777777777777                                         
                                        7777777777777777777777777777777                                        
                                       777777777777777777777777777777777                                       
                                      77777777777777777777777777777777777                                      
                                     7777777777777777777777777777777777777                                     
                                    777777777777777777777777777777777777777                                    
                                   77777777777777777777777777777777777777777                                   
                                  7777777777777777777777777777777777777777777                                  
                                 777777777777777777777777777777777777777777777                                 
                                77777777777777777777777777777777777777777777777                                
                               7777777777777777777777777777777777777777777777777                               
                              777777777777777777777777777777777777777777777777777                              
                             77777777777777777777777777777777777777777777777777777                             
                            7777777777777777777777777777777777777777777777777777777                            
                           777777777777777777777777777777777777777777777777777777777                           
                          77777777777777777777777777777777777777777777777777777777777                          
                         7777777777777777777777777777777777777777777777777777777777777                         
                        777777777777777777777777777777777777777777777777777777777777777                        
                       77777777777777777777777777777777777777777777777777777777777777777                       
                      7777777777777777777777777777777777777777777777777777777777777777777                      
                     777777777777777777777777777777777777777777777777777777777777777777777                     
                    77777777777777777777777777777777777777777777777777777777777777777777777                    
                   7777777777777777777777777777777777777777777777777777777777777777777777777                   
                  777777777777777777777777777777777777777777777777777777777777777777777777777                  
                 77777777777777777777777777777777777777777777777777777777777777777777777777777                 
                7777777777777777777777777777777777777777777777777777777777777777777777777777777                
               777777777777777777777777777777777777777777777777777777777777777777777777777777777               
              77777777777777777777777777777777777777777777777777777777777777777777777777777777777              
             7777777777777777777777777777777777777777777777777777777777777777777777777777777777777             
            777777777777777777777777777777777777777777777777777777777777777777777777777777777777777            
           77777777777777777777777777777777777777777777777777777777777777777777777777777777777777777           
          7777777777777777777777777777777777777777777777777777777777777777777777777777777777777777777          
         777777777777777777777777777777777777777777777777777777777777777777777777777777777777777777777         
        77777777777777777777777777777777777777777777777777777777777777777777777777777777777777777777777        
       7777777777777777777777777777777777777777777777777777777777777777777777777777777777777777777777777       
      777777777777777777777777777777777777777777777777777777777777777777777777777777777777777777777777777      
     77777777777777777777777777777777777777777777777777777777777777777777777777777777777777777777777777777     
    7777777777777777777777777777777777777777777777777777777777777777777777777777777777777777777777777777777    
   777777777777777777777777777777777777777777777777777777777777777777777777777777777777777777777777777777777   
  77777777777777777777777777777777777777777777777777777777777777777777777777777777777777777777777777777777777  
 7777777777777777777777777777777777777777777777777777777777777777777777777777777777777777777777777777777777777 
777777777777777777777777777777777777777777777777777777777777777777777777777777777777777777777777777777777777777
 7777777777777777777777777777777777777777777777777777777777777777777777777777777777777777777777777777777777777 
  77777777777777777777777777777777777777777777777777777777777777777777777777777777777777777777777777777777777  
   777777777777777777777777777777777777777777777777777777777777777777777777777777777777777777777777777777777   
    7777777777777777777777777777777777777777777777777777777777777777777777777777777777777777777777777777777    
     77777777777777777777777777777777777777777777777777777777777777777777777777777777777777777777777777777     
      777777777777777777777777777777777777777777777777777777777777777777777777777777777777777777777777777      
       7777777777777777777777777777777777777777777777777777777777777777777777777777777777777777777777777       
        77777777777777777777777777777777777777777777777777777777777777777777777777777777777777777777777        
         777777777777777777777777777777777777777777777777777777777777777777777777777777777777777777777         
          7777777777777777777777777777777777777777777777777777777777777777777777777777777777777777777          
           77777777777777777777777777777777777777777777777777777777777777777777777777777777777777777           
            777777777777777777777777777777777777777777777777777777777777777777777777777777777777777            
             7777777777777777777777777777777777777777777777777777777777777777777777777777777777777             
              77777777777777777777777777777777777777777777777777777777777777777777777777777777777              
               777777777777777777777777777777777777777777777777777777777777777777777777777777777               
                7777777777777777777777777777777777777777777777777777777777777777777777777777777                
                 77777777777777777777777777777777777777777777777777777777777777777777777777777                 
                  777777777777777777777777777777777777777777777777777777777777777777777777777                  
                   7777777777777777777777777777777777777777777777777777777777777777777777777                   
                    77777777777777777777777777777777777777777777777777777777777777777777777                    
                     777777777777777777777777777777777777777777777777777777777777777777777                     
                      7777777777777777777777777777777777777777777777777777777777777777777                      
                       77777777777777777777777777777777777777777777777777777777777777777                       
                        777777777777777777777777777777777777777777777777777777777777777                        
                         7777777777777777777777777777777777777777777777777777777777777                         
                          77777777777777777777777777777777777777777777777777777777777                          
                           777777777777777777777777777777777777777777777777777777777                           
                            7777777777777777777777777777777777777777777777777777777                            
                             77777777777777777777777777777777777777777777777777777                             
                              777777777777777777777777777777777777777777777777777                              
                               7777777777777777777777777777777777777777777777777                               
                                77777777777777777777777777777777777777777777777                                
                                 777777777777777777777777777777777777777777777                                 
                                  7777777777777777777777777777777777777777777                                  
                                   77777777777777777777777777777777777777777                                   
                                    777777777777777777777777777777777777777                                    
                                     7777777777777777777777777777777777777                                     
                                      77777777777777777777777777777777777                                      
                                       777777777777777777777777777777777                                       
                                        7777777777777777777777777777777                                        
                                         77777777777777777777777777777                                         
                                          777777777777777777777777777                                          
                                           7777777777777777777777777                                           
                                            77777777777777777777777                                            
                                             777777777777777777777                                             
                                              7777777777777777777                                              
                                               77777777777777777                                               
                                                777777777777777                                                
                                                 7777777777777                                                 
                                                  77777777777                                                  
                                                   777777777                                                   
                                                    7777777                                                    
                                                     77777                                                     
                                                      777                                                      
                                                       7                                                       
Diamond: 
                                                     5                                                     
                                                    555                                                    
                                                   55555                                                   
                                                  5555555                                                  
                                                 555555555                                                 
                                                55555555555                                                
                                               5555555555555                                               
                                              555555555555555                                              
                                             55555555555555555                                             
                                            5555555555555555555                                            
                                           555555555555555555555                                           
                                          55555555555555555555555                                          
                                         5555555555555555555555555                                         
                                        555555555555555555555555555                                        
                                       55555555555555555555555555555                                       
                                      5555555555555555555555555555555                                      
                                     555555555555555555555555555555555                                     
                                    55555555555555555555555555555555555                                    
                                   5555555555555555555555555555555555555                                   
                                  555555555555555555555555555555555555555                                  
                                 55555555555555555555555555555555555555555                                 
                                5555555555555555555555555555555555555555555                                
                               555555555555555555555555555555555555555555555                               
                              55555555555555555555555555555555555555555555555                              
                             5555555555555555555555555555555555555555555555555                             
                            555555555555555555555555555555555555555555555555555                            
                           55555555555555555555555555555555555555555555555555555                           
                          5555555555555555555555555555555555555555555555555555555                          
                         555555555555555555555555555555555555555555555555555555555                         
                        55555555555555555555555555555555555555555555555555555555555                        
                       5555555555555555555555555555555555555555555555555555555555555                       
                      555555555555555555555555555555555555555555555555555555555555555                      
                     55555555555555555555555555555555555555555555555555555555555555555                     
                    5555555555555555555555555555555555555555555555555555555555555555555                    
                   555555555555555555555555555555555555555555555555555555555555555555555                   
                  55555555555555555555555555555555555555555555555555555555555555555555555                  
                 5555555555555555555555555555555555555555555555555555555555555555555555555                 
                555555555555555555555555555555555555555555555555555555555555555555555555555                
               55555555555555555555555555555555555555555555555555555555555555555555555555555               
              5555555555555555555555555555555555555555555555555555555555555555555555555555555              
             555555555555555555555555555555555555555555555555555555555555555555555555555555555             
            55555555555555555555555555555555555555555555555555555555555555555555555555555555555            
           5555555555555555555555555555555555555555555555555555555555555555555555555555555555555           
          555555555555555555555555555555555555555555555555555555555555555555555555555555555555555          
         55555555555555555555555555555555555555555555555555555555555555555555555555555555555555555         
        5555555555555555555555555555555555555555555555555555555555555555555555555555555555555555555        
       555555555555555555555555555555555555555555555555555555555555555555555555555555555555555555555       
      55555555555555555555555555555555555555555555555555555555555555555555555555555555555555555555555      
     5555555555555555555555555555555555555555555555555555555555555555555555555555555555555555555555555     
    555555555555555555555555555555555555555555555555555555555555555555555555555555555555555555555555555    
   55555555555555555555555555555555555555555555555555555555555555555555555555555555555555555555555555555   
  5555555555555555555555555555555555555555555555555555555555555555555555555555555555555555555555555555555  
 555555555555555555555555555555555555555555555555555555555555555555555555555555555555555555555555555555555 
55555555555555555555555555555555555555555555555555555555555555555555555555555555555555555555555555555555555
 555555555555555555555555555555555555555555555555555555555555555555555555555555555555555555555555555555555 
  5555555555555555555555555555555555555555555555555555555555555555555555555555555555555555555555555555555  
   55555555555555555555555555555555555555555555555555555555555555555555555555555555555555555555555555555   
    555555555555555555555555555555555555555555555555555555555555555555555555555555555555555555555555555    
     5555555555555555555555555555555555555555555555555555555555555555555555555555555555555555555555555     
      55555555555555555555555555555555555555555555555555555555555555555555555555555555555555555555555      
       555555555555555555555555555555555555555555555555555555555555555555555555555555555555555555555       
        5555555555555555555555555555555555555555555555555555555555555555555555555555555555555555555        
         55555555555555555555555555555555555555555555555555555555555555555555555555555555555555555         
          555555555555555555555555555555555555555555555555555555555555555555555555555555555555555          
           5555555555555555555555555555555555555555555555555555555555555555555555555555555555555           
            55555555555555555555555555555555555555555555555555555555555555555555555555555555555            
             555555555555555555555555555555555555555555555555555555555555555555555555555555555             
              5555555555555555555555555555555555555555555555555555555555555555555555555555555              
               55555555555555555555555555555555555555555555555555555555555555555555555555555               
                555555555555555555555555555555555555555555555555555555555555555555555555555                
                 5555555555555555555555555555555555555555555555555555555555555555555555555                 
                  55555555555555555555555555555555555555555555555555555555555555555555555                  
                   555555555555555555555555555555555555555555555555555555555555555555555                   
                    5555555555555555555555555555555555555555555555555555555555555555555                    
                     55555555555555555555555555555555555555555555555555555555555555555                     
                      555555555555555555555555555555555555555555555555555555555555555                      
                       5555555555555555555555555555555555555555555555555555555555555                       
                        55555555555555555555555555555555555555555555555555555555555                        
                         555555555555555555555555555555555555555555555555555555555                         
                          5555555555555555555555555555555555555555555555555555555                          
                           55555555555555555555555555555555555555555555555555555                           
                            555555555555555555555555555555555555555555555555555                            
                             5555555555555555555555555555555555555555555555555                             
                              55555555555555555555555555555555555555555555555                              
                               555555555555555555555555555555555555555555555                               
                                5555555555555555555555555555555555555555555                                
                                 55555555555555555555555555555555555555555                                 
                                  555555555555555555555555555555555555555                                  
                                   5555555555555555555555555555555555555                                   
                                    55555555555555555555555555555555555                                    
                                     555555555555555555555555555555555                                     
                                      5555555555555555555555555555555                                      
                                       55555555555555555555555555555                                       
                                        555555555555555555555555555                                        
                                         5555555555555555555555555                                         
                                          55555555555555555555555                                          
                                           555555555555555555555                                           
                                            5555555555555555555                                            
                                             55555555555555555                                             
                                              555555555555555                                              
                                               5555555555555                                               
                                                55555555555                                                
                                                 555555555                                                 
                                                  5555555                                                  
                                                   55555                                                   
                                                    555                                                    
                                                     5                                                     
Rectangle: 
444444444444444444444444444444444444444444444444444
444444444444444444444444444444444444444444444444444
444444444444444444444444444444444444444444444444444
444444444444444444444444444444444444444444444444444
444444444444444444444444444444444444444444444444444
444444444444444444444444444444444444444444444444444
444444444444444444444444444444444444444444444444444
444444444444444444444444444444444444444444444444444
444444444444444444444444444444444444444444444444444
444444444444444444444444444444444444444444444444444
444444444444444444444444444444444444444444444444444
444444444444444444444444444444444444444444444444444
444444444444444444444444444444444444444444444444444
444444444444444444444444444444444444444444444444444
444444444444444444444444444444444444444444444444444
444444444444444444444444444444444444444444444444444
444444444444444444444444444444444444444444444444444
444444444444444444444444444444444444444444444444444
444444444444444444444444444444444444444444444444444
444444444444444444444444444444444444444444444444444
444444444444444444444444444444444444444444444444444
444444444444444444444444444444444444444444444444444
444444444444444444444444444444444444444444444444444
444444444444444444444444444444444444444444444444444
444444444444444444444444444444444444444444444444444
444444444444444444444444444444444444444444444444444
444444444444444444444444444444444444444444444444444
444444444444444444444444444444444444444444444444444
444444444444444444444444444444444444444444444444444
444444444444444444444444444444444444444444444444444
444444444444444444444444444444444444444444444444444
444444444444444444444444444444444444444444444444444
444444444444444444444444444444444444444444444444444
444444444444444444444444444444444444444444444444444
444444444444444444444444444444444444444444444444444
444444444444444444444444444444444444444444444444444
444444444444444444444444444444444444444444444444444
444444444444444444444444444444444444444444444444444
444444444444444444444444444444444444444444444444444
444444444444444444444444444444444444444444444444444
444444444444444444444444444444444444444444444444444
444444444444444444444444444444444444444444444444444
444444444444444444444444444444444444444444444444444
444444444444444444444444444444444444444444444444444
444444444444444444444444444444444444444444444444444
444444444444444444444444444444444444444444444444444
444444444444444444444444444444444444444444444444444
444444444444444444444444444444444444444444444444444
444444444444444444444444444444444444444444444444444
444444444444444444444444444444444444444444444444444
444444444444444444444444444444444444444444444444444
444444444444444444444444444444444444444444444444444
Rectangle: 
****************
****************
****************
****************
Triangle: 
&
&&
&&&
&&&&
&&&&&
&&&&&&
Square: 
^^^^
^^^^
^^^^
^^^^
Diamond: 
    $    
   $$$   
  $$$$$  
 $$$$$$$ 
$$$$$$$$$
 $$$$$$$ 
  $$$$$  
   $$$   
    $    
